1  24 4 3.141592653589793
2  26 6 0.9870399379650185
3  26 5 1.0772380082926913
4  14 3 0.7853981633974483
5  26 3 1.0772380082926913
6  54 6 3.1385254410280785
7  60 7 3.141592653589793
8  58 9 3.141592653589793
9  122 20 7.407574529308889
10 104 17 9.69374460165815


(3, 5, 0)\n(4, 5, 0)\n(3, 4, 0)\n(4, 4, 0)\n(4, 4, 1)\n(4, 4, 2)
(4, 2, 3)\n(3, 2, 3)\n(5, 2, 3)\n(2, 2, 3)\n(1, 2, 3)\n(5, 3, 3)

(2, 1, 1)\n(2, 1, 2)\n(1, 1, 2)\n(2, 0, 1)\n(0, 1, 2)\n(3, 1, 1)


(9, 2, 2)\n(9, 2, 1)\n(9, 3, 1)\n(8, 2, 1)\n(9, 1, 1)\n(8, 2, 2)\n(10, 1, 1)\n(9, 1, 0)\n(8, 1, 1)\n(10, 0, 1)\n(9, 1, 2)\n(8, 1, 2)\n(9, 3, 0)\n(9, 0, 0)\n(8, 3, 0)\n(10, 0, 0)\n(10, 1, 0)\n(9, 0, 1)\n(10, 2, 2)\n(9, 2, 0)\n(9, 1, 3)\n(9, 4, 1)\n(10, 3, 1)\n(8, 1, 0)\n(10, 3, 2)\n(9, 2, 3)\n(10, 2, 3)\n(8, 1, 3)\n(8, 0, 2)\n(8, 2, 0)\n(7, 1, 3)\n(10, 2, 0)\n(8, 3, 1)\n(8, 0, 1)\n(7, 2, 2)\n(10, 3, 0)\n(10, 3, 3)\n(7, 1, 2)\n(10, 2, 1)\n(10, 0, 2)\n(8, 2, 3)\n(7, 0, 2)\n(9, 0, 2)\n(10, 1, 3)\n(10, 1, 2)\n(7, 3, 0)\n(10, 3, 4)\n(10, 4, 0)